10

   7    3    8    5   -2   -1   -9   -5    5   10   -2 
   3    6   -4   -8   10   -1   -9    4    4   10    4 
   8   -4    5   -1    1    3   -1    5   -1   -3    0 
   5   -8   -1    5    1   -8    3    9   -6    4    1 
  -2   10    1    1    3   -6    7    7    6    4   -6 
  -1   -1    3   -8   -6   -9   -3   -6    3    9    2 
  -9   -9   -1    3    7   -3    7  -10    0   -5    1 
  -5    4    5    9    7   -6  -10   -8   -9   -8    6 
   5    4   -1   -6    6    3    0   -9    5   -3    0 
  10   10   -3    4    4    9   -5   -8   -3    9    1 
  -2    4    0    1   -6    2    1    6    0    1   -8 
